fractal: Julia
c: -0.381966011+0.6180339886i
color: Green
size: 512x384
upperLeft: -2.0+1.5i
lowerRight: 2.0+-1.5i
