type: julia
c: -0.74543+0.11301i
color: random
size: 512x384
upperleft: -2.0+1.5i
lowerright: 2.0+-1.5i
